0.000000 0.555556 0.000000 0.000000 0.183333 0.000000 
0.000000 0.555556 0.183333 0.000000 0.183333 0.580000 
0.666667 0.875000 0.666667 0.750000 1.000000 0.777778 
0.666667 0.875000 1.000000 0.777778 1.000000 0.888889 
0.666667 1.000000 0.666667 0.875000 1.000000 0.888889 
0.666667 1.000000 1.000000 0.888889 1.000000 1.000000 
0.333333 0.200000 0.333333 0.000000 0.666667 0.000000 
0.333333 0.200000 0.666667 0.000000 0.666667 0.250000 
0.666667 0.250000 0.666667 0.000000 1.000000 0.000000 
0.666667 0.250000 1.000000 0.000000 1.000000 0.222222 
0.333333 0.600000 0.333333 0.200000 0.666667 0.250000 
0.333333 0.600000 0.666667 0.250000 0.666667 0.750000 
0.666667 0.750000 0.666667 0.250000 1.000000 0.222222 
0.666667 0.750000 1.000000 0.222222 1.000000 0.777778 
0.000000 1.000000 0.000000 0.555556 0.333333 0.600000 
0.000000 1.000000 0.333333 0.600000 0.333333 1.000000 
0.333333 1.000000 0.333333 0.600000 0.516667 0.682500 
0.333333 1.000000 0.516667 0.682500 0.516667 1.000000 
0.183333 0.289575 0.333333 0.000000 0.333333 0.200000 
0.183333 0.000000 0.183333 0.289575 0.333333 0.000000 
0.183333 0.289575 0.333333 0.200000 0.333333 0.600000 
0.183333 0.289575 0.183333 0.580000 0.333333 0.600000 
0.516667 0.849624 0.666667 0.750000 0.666667 0.875000 
0.516667 0.682500 0.516667 0.849624 0.666667 0.750000 
0.516667 0.849624 0.666667 0.875000 0.666667 1.000000 
0.516667 0.849624 0.516667 1.000000 0.666667 1.000000 
